# Created by Octave 4.2.2, Sun Dec 01 00:33:50 2019 PST <vadim@desktop>
# name: avg
# type: complex matrix
# rows: 1
# columns: 46
 (-0.0006705216535433072,-0.004568159448818906) (0.001943897637795264,-0.003843996062992083) (0.001433316929133819,-0.004530757874015683) (0.001549212598425073,-0.003328740157480202) (0.001287401574803091,-0.002428395669291304) (0.0006508366141732313,-0.004245816929133842) (0.0008503937007874001,-0.003363681102362207) (0.002005905511811035,-0.002551919291338605) (0.003282972440944901,-0.003124015748031488) (0.002640501968503938,-0.002514025590551182) (0.002741387795275576,-0.002972440944881923) (0.001798966535433078,-0.002151082677165365) (0.001173720472440943,-0.003359251968503954) (0.001247785433070837,-0.001934547244094456) (0.002246062992125833,-0.003090059055118008) (0.01361540354330681,-0.007993848425196761) (0.001634350393700756,-0.004586122047244083) (0.00143626968503937,-0.00464911417322836) (0.001162401574803151,-0.004608021653543353) (0.003891732283464599,-0.004054133858267753) (0.00357849409448822,-0.00261417322834649) (0.003421013779527569,-0.00237032480314963) (0.003655265748031536,-0.002553641732283528) (0.002742864173228382,-0.002186269685039418) (0.002841289370078759,-0.001736466535433086) (0.003255659448818942,-0.002577755905511826) (0.002790108267716554,-0.001920275590551181) (0.003924212598425216,-0.002452755905511842) (0.00295718503937014,-0.002602608267716582) (0.002870816929133877,-0.002541584645669328) (0.003010826771653572,-0.002928149606299247) (0.003891732283464571,-0.002437500000000029) (0.001655019685039396,-0.001939714566929154) (0.003407972440944942,-0.002695127952755928) (0.002544783464566942,-0.002120570866141786) (0.003327263779527576,-0.002209891732283489) (0.00269217519685037,-0.0009340551181102523) (0.001982283464566959,-0.002112696850393708) (0.004059055118110227,-0.002651328740157487) (0.003673720472440987,-0.001022883858267729) (0.002441190944881937,-0.002516732283464591) (0.003073326771653552,-0.002458907480314981) (0.001970472440944926,-0.006442421259842505) (0.003879675196850385,-0.001740403543307101) (0.003124261811023616,-0.002539124015748081) (0.00358882874015751,-0.002216781496063043)


