# Created by Octave 4.0.0, Sun Jan 15 00:33:01 2017 EST <vadim@desktop>
# name: psdx
# type: matrix
# rows: 1
# columns: 1000
 0.3977384470486874 0.2602304582829054 0.09798020086195176 0.2495950056502548 0.1183301947650346 0.05607770548563448 0.234334073743899 0.4473996786979916 0.03614548589973805 0.06421291124279997 0.01344514089544359 0.3427679833913511 0.07422332979363631 0.2156052875941595 0.08336763466142219 0.04252720524751372 0.1483978724965605 0.416050656046904 0.4795431283344257 0.2988209581769325 0.007624481504368347 0.6060142375228412 0.04489631775436546 0.1243778153644024 0.0407035395588384 0.06346203920643832 0.05210811338090478 0.1416737110643266 0.06537968141085083 0.3015265414013746 0.04252840391763855 0.1717956911381979 0.1347028082491089 0.1739084960995604 0.1470437034735629 0.01514531744753922 0.2546957244472752 0.02266046369509536 0.08237219668961494 0.04999279653407902 0.1081835932770542 0.1196978462986108 0.06075144627115702 0.1198832618340074 0.09474731296889033 0.02443377250772767 0.05024188769931933 0.2586162306251646 0.02900726664401455 0.1470443613053379 0.4176184727404413 0.1310929056471996 0.1095276927394138 0.0164107324010129 0.2283416450624487 0.0512126669354591 0.0481804321905694 0.04941869976668165 0.1567064772267314 0.1299544268621509 0.1787659031787217 0.1746656360492078 0.04384339873567575 0.2062735928396398 0.1617741298043119 0.2573250063534152 0.1674997833395344 0.06304486750724256 0.05579985157393645 0.05898507147069485 0.170633673823423 0.01751624991109223 0.2085176611079362 0.2262088197388565 0.137275876732407 0.6970561626051383 0.1521417083412158 0.168746829257307 0.2141132053734489 0.07841504045237431 0.1788054103778506 0.2025498846976418 0.161788170578592 0.003806379248673233 0.06672177468684663 0.334985166610965 0.9560318148150435 0.01958704132851185 0.05586659381513155 0.008244185297842075 0.1008422720647583 0.1606597415282851 0.2701747625722493 0.02475536098479737 0.7020381538046174 0.1350710370951011 0.1238251944878164 0.2609080565589432 0.01182527210029317 0.1724446624877628 0.544147164769331 0.3902929090573819 0.1534862225048075 0.160177752724272 0.1790021016185218 0.1947697990365695 0.01019817615133188 0.2688131366067306 0.2116672620972437 0.6007055257641504 0.2170432885891504 0.07740146233547454 0.5560100317351528 0.06387498915043231 0.1063227609042099 0.06591259453366513 0.000596388113777634 0.02349785826232017 0.4305763718774456 0.2096445628181293 0.05324284097553081 0.06776668945429697 0.4847108914273617 0.6229504547435418 0.01124179411543048 159.0041481554077 0.3588149457431766 0.1309124068511744 0.01981927988106193 0.01421922310087137 0.06934493424024513 0.01527637686615498 0.1315401519165547 0.1506579689840897 0.1303620514179289 0.1161273861444623 0.0484141622726938 0.5877917461739494 0.1641452594549709 0.9018972569938549 0.4038114608610818 0.4974810049823646 0.05665231127079574 0.2515202789313968 0.02495488396700091 0.2336844859624528 0.07818072474465365 0.05733647080550016 0.004981906182188624 0.0965607779804554 0.006408053900932176 0.01726377926244837 0.1440914691263818 0.02742593392051687 0.0309824348096851 0.2404305643365897 0.1028060146014299 0.09560703510422328 0.261156017139037 0.1587239200536506 0.1260481568606331 0.01155745166072452 0.01562982893178913 0.0510771472891749 0.06180959216382881 0.2870839029667498 0.07573015925422076 0.2126221864684265 0.3263952881725249 0.2165310783815614 0.06724215504467371 0.2291089358851869 0.3538142741778876 0.006916455253249727 0.1401052928643037 0.1680738577794026 0.2377327968167202 0.06408635282770353 0.1345496966552643 0.1776290063162675 0.01772521722109967 0.001729340859286247 0.2952397299113571 0.247888019104681 0.1798264025391791 0.1721726984934902 0.1951688927736764 0.03781858939088913 0.1797965854339701 0.1257879457181564 0.2548577027085546 0.1157198167092431 0.1076506541585226 0.1124638527933213 0.07322291215665597 0.07882603279593139 0.1908345172970162 0.04316639853210028 0.1290339514372297 0.1110848580322896 0.04070638357538578 0.002409917600673178 0.1023971953468447 0.1893236726069335 0.1181720224238348 0.4600535608168346 0.5311536094616791 0.4578045272916426 0.05122914156155572 0.4036306428115277 0.3520359441671155 0.09399847482142593 0.0082326762812664 0.9738019914873577 0.1102463471389303 0.004883763888770427 0.04382863367456602 0.2052677936068056 0.2758165426522698 0.005679904786412414 0.07377400309901387 0.03135490395029472 0.3429081489177044 0.04205345519036455 0.02629909390770822 0.3998374108288715 0.1088439092540058 0.1006806118863847 0.01975626314949022 0.04401177965318528 0.005571752188401187 0.1678820110595375 0.6725354796735979 0.03277826462309156 0.4872710141752251 0.5145241893120623 0.3514464929814385 0.4115295772948981 0.0573259399668281 0.1019214514591223 0.01319342454040387 0.09057583937214289 0.1782483013002983 0.1825030363629731 0.2583872294771457 0.1177563006894355 0.1999083820639387 0.1376678863551475 0.2116944256930797 0.1009504221035635 0.1186993589410627 0.1493442034166964 0.4713364787709266 0.1628030914884731 0.03991871246962656 0.1965017762871182 0.0411841752953881 0.02252572338732783 0.07043015335200299 0.09747015902404306 0.06396816820034015 0.0005078368845550488 0.1316948154746721 0.1354452168671811 0.2149772153562522 0.04863901829581638 0.09588466650356507 0.3151183981678293 0.1777097430892017 0.1679292451733062 0.07452848808222123 0.3385403674159994 0.005009131933899887 0.4132942396235222 0.1374249225702577 0.1740699421963483 0.1460638474678232 0.0692407146523811 0.5244079499103653 0.378514323482363 0.2208214954896858 0.04103288343381011 0.2981926835813601 0.224668345685909 0.151360485283896 0.111459297214325 0.03204286162354177 0.4354680957256349 0.4638890328682869 0.1742688257274489 0.1924718071836214 0.09681121481515201 0.0301495774713897 0.1084747626350818 0.063376351158654 0.09805815667252761 0.004133095384761428 0.4054656788572052 0.4990227697029737 0.003839139754476528 0.09662578666006492 0.08939184529879751 0.02551897267443316 0.00338271934137041 0.01503888041490006 0.1084376439796155 0.1215087074901785 0.02242437405686934 0.06423072564818763 0.1997968570595005 0.5864958786719143 0.09405142320042077 0.05251460409450543 0.0002663649131105413 0.05923045143348162 0.1133060124362693 0.07317918106914524 0.4538988282394891 0.1572914546809512 0.1993612548168512 0.01072595040606424 0.09464474792313503 0.05074714106225591 0.04791370044710512 0.1057108603608215 0.5313809031030994 0.01297853449679231 0.07719297743683412 0.2108432612460736 0.1186163637614887 0.1131168163482722 0.7543410456806413 0.4382467552895961 0.3608908619737206 0.004247520524417829 0.2374072166664818 0.1059529562874508 0.1804175340732652 0.06280164353898245 0.1625106030168124 0.1213922948219595 0.2178115274154883 0.2057744255482138 0.09404679428062247 0.1788406990995758 0.08956387379641859 0.1675449096037802 0.04274086175542946 0.03485309845072529 0.1183585527541709 0.02485211533109762 0.03781421596003158 0.02624040160016201 0.142384718934373 0.2972024445678317 0.1132964321919183 0.1074337938085051 0.1462590745896677 0.1234547169931384 0.04776401848422683 0.04692790270843083 0.122129212546539 0.04585739202939486 0.06358840125103399 0.0192307310191035 0.9539410270950083 0.02752380488802747 0.01243803716901983 0.1925923402012921 0.07090371578594483 0.02893119554496145 0.002912969568488662 0.4659936126880188 0.1077225124363085 0.09396837976109718 0.004499589768033393 0.186449387173779 0.02374376039543792 0.2550317703110846 0.01222167714481717 0.1130132073901712 0.009582702406007009 0.2900420952638901 0.0801504796504121 0.2418752670040919 0.5089062577769765 0.06539094032264199 0.09038732878304763 0.0597362421082623 0.00900613786449583 0.1495742763830875 0.005616775971331351 0.1633245166858411 0.05287786843521639 0.3536520150081658 0.02304722837313474 0.07713834678676462 0.05619217503964919 0.001800081444071521 0.07506011744642098 0.002830317068942086 0.05534900370204725 0.2454698059031801 0.2139552703233661 0.8663245753027781 