# Created by Octave 4.0.0, Sun Jan 15 00:32:32 2017 EST <vadim@desktop>
# name: x
# type: complex matrix
# rows: 1
# columns: 1000
 (1.391548009303337,0.4543104989084492) (0.573949596919212,-0.8988129723510585) (0.1574737982417831,0.6028382674328134) (0.09092482975641469,0.9996166725800363) (-0.5391089388783437,0.7913558329052676) (-1.019280772254187,-2.048512068973198) (0.01344043590861249,-0.8439387119768362) (-0.2025731834324209,-1.934089315829519) (0.5588160684028145,0.02486209422388816) (1.334666442892612,0.01336644743792581) (0.8100194985577549,0.6791868517793636) (-1.576685558696389,0.5011195313147759) (-1.803289070343594,-0.2820415959552479) (-1.106233994721415,0.3405363904895413) (-0.2119641775853639,-1.638762204022493) (1.078574029709786,-0.7950771385452831) (2.007933221621305,0.2888274678924762) (0.949393285451727,1.118172089171275) (0.2712278131866032,1.459533162788466) (-1.344492876930525,0.1546351771674251) (-0.1940067198249154,-0.252500541717287) (-1.26996111168788,-0.7081630808734959) (0.2616105599770541,-2.197227303980262) (0.2989817280401342,-1.108082294767542) (0.7571202809916092,-0.574730818847799) (0.628277914178005,0.5127119767788458) (0.7392886956338505,1.366437428004152) (-0.1553542249522979,1.187798779292037) (-0.7637894252275642,-0.7248498328113556) (-0.8936196904906648,-0.7614950620038461) (0.3532427496147954,-0.9939096652170391) (-0.003058165837518723,-0.4881321316025805) (1.065078518564081,0.3029506548267037) (-0.1892036213778152,0.6245524132409587) (-0.6341451889497725,0.8892223212330488) (-1.333940727757128,1.480510594937636) (-1.926095854622397,0.0273592066984509) (0.4912674262432009,-1.253260132095948) (0.9624047910159441,0.05249117320963559) (-0.85370976319311,-0.4697361887501796) (0.06984120827733342,-0.3119015464566829) (-0.1716398698777694,1.186424058462656) (0.9753708376505926,1.322843995642737) (-1.258705780222237,-0.6884611080058459) (-1.436724678584464,-1.409662780184212) (-1.868401778220982,-0.5075242350564031) (0.8052109848273657,-0.6433380894352383) (0.1368319385996548,0.1490523738510772) (1.375333132190807,0.5521103690704136) (-0.4221338739632642,0.8649137851221073) (2.073086157873288,1.363027104873435) (-0.8273389214561653,0.841451133998075) (-0.3195555050028854,-1.423178347071976) (-0.850210499267552,0.1941094335428893) (0.5279559419990439,-1.303646660575737) (0.3939806537982338,-1.229368336372755) (0.6284734424310184,1.098037814960805) (0.7298812567650241,0.6928550864844553) (-0.8801718912415299,1.134023405253509) (0.02394580605317043,0.2137144125946566) (-1.114531638356136,-0.135591694644012) (-1.103759390098399,0.04974186855607166) (0.8907044026752864,-1.592049120238341) (0.7671932159142563,-0.3394755160895244) (1.224504594895267,-0.9349376529104185) (0.9501732549548699,1.535694773679137) (1.304580687697241,1.014478253800685) (-0.7692848179724999,0.2673277492833146) (-0.5744114476645796,-0.003766515993478166) (-2.004994099670091,-0.6365623617611684) (-1.262959472455695,-0.3169332531043122) (-0.01451641320903607,-1.190901706870938) (0.2171062474864742,-0.3038484828433429) (0.4964607999937627,1.35999155634315) (0.8762928468975022,0.8434623557886851) (-0.8527204125414711,1.974311442997488) (-0.3607125489057256,0.1534120036039671) (-1.756618714333936,-0.8735210298529038) (-0.1533126702024767,-1.451225967711781) (0.9645520083800172,-1.573372887123372) (1.909808924630722,0.1364435280729257) (0.1000397510312885,-0.7594139896585992) (-1.304203142034168,0.480784910557979) (-0.4154100612197213,0.8952416885484134) (-1.469508030179165,0.1785672440721188) (-0.1922175279814999,-1.131729590694337) (0.8047198783105672,-1.337084955820965) (1.640165559143873,-0.03075211376061038) (1.363886402091625,0.5006210183407878) (2.151689609839694,0.7704744796010945) (-0.3113866468272182,2.638489739488785) (-1.468711705458507,0.5241082442421913) (-0.8172010114483931,-0.09177209676601716) (-0.741950273308602,-1.997267925372248) (-0.4046715735881859,-2.280569220756063) (0.7212648089371627,-0.8774520697673565) (1.371980265140042,-0.3129148527445037) (0.8452288481886806,1.587725658852853) (0.08855645157597591,0.3870922437647779) (-1.873803263051704,2.09257472035559) (-0.6146097138232496,0.2975576096766102) (-0.2428623890339494,-1.085128012061969) (-0.5404794381548059,-1.489663492093117) (1.450476512954654,-1.600415575723904) (1.001040297046912,0.02156763957602007) (-1.215292959529581,-1.249146895130889) (0.1054524530799961,1.210221753654524) (-0.2540230504670449,2.011097759469634) (-1.7043801702238,-0.4358481632762987) (-1.006144177546942,-1.281421433873966) (-0.7725796602196293,-0.7259373832923627) (0.6450731303508136,0.06042800069299847) (0.3620975847254335,-0.7508073441751083) (1.24345009999949,0.480657824253799) (-0.4838993019972775,1.983640143872591) (-1.274668613306393,1.892789713706154) (-0.3628996967448083,-1.65623481518471) (1.459819632337548,-0.8473337924277964) (0.5629122141574073,-0.2969390396614777) (1.908333297764317,-0.5252302604204661) (1.146665488893284,0.2133019197267309) (0.4966987221706606,0.4319458691498654) (-0.3118213523500547,0.6623187240343998) (-0.8438665437417845,1.290067218035455) (-0.4337313198970942,0.4394463675966206) (-0.1031323568900318,-0.4674366912306548) (-1.320292618893356,-1.88093768251648) (0.5464075849388697,-1.951276433546863) (1.812835713015341,-0.3407432191984704) (1.149489374674555,0.8709355287614347) (-0.386532616368166,1.080045019336731) (-0.507358717095011,0.6242289022661381) (-1.103657070300872,-0.7023422068693199) (-1.292704155281782,-0.2446036741561097) (0.3101891413022215,-1.255969093040477) (-0.08905907276512426,-0.2967459329426661) (0.5421405192286131,0.7272089023036963) (0.1816378732581941,1.430963352330662) (-0.1078447422768548,1.944990519440082) (-0.9437716653898751,0.7852862857544074) (-1.727385213521448,0.02025461027838996) (-1.161747964787513,-0.6389542729867783) (-1.011634405894828,-1.386919383950633) (-0.4473500716758241,-1.947658466303714) (2.002306582452394,-1.013536547620605) (1.366711253427086,2.082445444067194) (0.2594959768054308,0.930319405602597) (-1.036311321230669,1.417416980622084) (-0.8555087398954395,0.2166231862318824) (-1.10089913124013,-0.4372644266194556) (-0.4280347518387484,-0.321425880983308) (-0.318313343830222,-0.9746836795278742) (0.4672390403389177,0.5148257994835859) (1.663761548997328,-0.4015629557273118) (0.157763145621847,1.445073714499512) (0.2287195750040525,0.8006535150876734) (-2.032673528225786,-0.06153398778096269) (-0.5968274999055537,-1.168333702021234) (-0.4317779238973092,-1.242744734798083) (0.5437122310071633,-1.381871988431375) (0.9251536586512851,-0.7635073663425292) (1.297274066752018,-1.06772877968984) (0.3525273103904811,1.190286758966481) (-1.613318515763242,0.9164539245986448) (-1.477186533725638,-0.7761652689886369) (-1.636514762424231,-1.484353964950728) (0.8860028371195213,-2.17088533573317) (0.5964610499694545,-0.03923815120054686) (0.7218233772085424,0.6855055095951683) (-0.1635153177954047,0.4854379094303203) (-0.2066223976211347,1.844581449720413) (-1.430306122561429,0.6559156991494584) (-1.575005623695502,0.4486848741317033) (-2.009578568260838,-1.338860731296115) (-1.834105824816848,-1.20776634750042) (-0.5317054343611755,-1.237560044136432) (1.389234269375613,-0.2504028865106942) (0.1840465346092618,0.116643496979607) (-1.186441960892268,1.021427136827034) (-1.852904920882656,0.3503927432405182) (-0.8357255974911806,-0.2283187751990787) (0.07485876405116232,-1.599704550200256) (0.09242086119750186,0.2719530864212576) (1.275639674223013,-0.8520324952392273) (0.6611334011852632,-0.01975563953584165) (1.649496489649758,0.7407417875354545) (-0.6609266163996598,0.7280317840296494) (-1.726381514048266,1.981173664489984) (-0.264728294299351,0.5458083515722275) (-1.441769164526387,-1.72178804576712) (1.301662460393374,-0.9700622043247401) (0.8552952933177994,-1.371444933223871) (0.3594668876656336,0.1237930104515492) (0.4046667173609514,0.9978954670048175) (0.232516436643347,0.9334450105946247) (-1.544096910802967,