# Created by Octave 4.0.0, Sun Jan 15 00:32:45 2017 EST <vadim@desktop>
# name: xdft
# type: complex matrix
# rows: 1
# columns: 1000
 (-13.3968304049844,-48.16211479676555) (12.52990629547642,38.44577532304872) (-16.94523526758797,18.12420371151276) (13.94943288424423,-37.06298685285702) (20.14817885611432,-18.37230061601955) (-18.0480539826017,5.158910990584872) (13.64777572211298,-35.86227303111317) (44.65426712045685,28.58481267328814) (-4.487298802996014,14.38655397858471) (-0.4515512062321543,20.08127789659159) (3.88129012097044,8.331500388529538) (13.63724497352859,-44.35876809096576) (0.1567887726809811,21.59477604630531) (-36.43951756742376,-5.181653656437033) (-22.59822496807384,3.624158590802496) (16.22458582065265,1.992266577259622) (-22.19253829421122,-20.97385458486511) (16.28317592299823,-48.46629293619459) (52.26283811145628,16.78255316230253) (-35.20686063567626,-25.25914523642272) (-6.787403385060838,1.355428143272224) (61.6205233386024,3.257430984980858) (-8.849051904496681,-14.27536915292276) (-12.79781122679676,24.85366954475703) (-7.262528035984409,14.24793206864901) (7.747044703812122,-18.40453886036498) (16.50167510863246,-7.422913914958778) (-29.28298093956798,-5.715698300809935) (-13.93520161572951,-14.71743216589464) (-16.38319506848642,40.32540209354045) (13.0444517162041,-9.851706555552962) (-29.45697069819055,14.55029345691114) (23.0213290099572,17.78710533622413) (28.10431249994814,-17.40249770555122) (29.67902282062454,6.561893140794826) (9.687438813688955,-1.146457713996382) (35.83624509424531,17.77818807397871) (0.8715697265313338,11.90043103230693) (13.39276801052163,18.39003917822482) (5.525180403146617,-16.8400233420393) (-25.37000884847968,6.00834542818087) (-23.27805870731141,14.49881829610384) (18.54660569877088,6.142964402889152) (25.3448734795292,-10.5302486978635) (1.160958809601623,24.37144024023377) (-1.164922843245289,-12.33551276554033) (16.51479651438113,6.552906735633805) (-27.61974881592065,29.3612529672637) (-5.554959534781423,12.30448926798888) (-20.33975175758524,-22.58763973719064) (-5.376794794252046,-50.94177391561883) (-15.68327920018285,-24.03571867382118) (-11.53570324557748,23.56077970652792) (6.497330419312377,-7.803612632901398) (-24.32336893178117,29.03595345570826) (14.48863885673479,-10.57629521663769) (-14.06429185809589,-10.24315762661327) (-12.49526709095376,12.42477961976233) (-25.33564068795625,18.51272930125774) (27.60190712687428,7.393407091633541) (17.39234769436443,28.64830776774727) (27.83193951200461,-17.96774056729661) (9.523191681086892,-13.59356535122744) (-8.435701315615312,-34.9984878402324) (31.76952081018279,-2.674767832836835) (-28.90124997097005,27.95600917880046) (12.5429044543748,29.9183509820169) (10.10966490749626,17.14401530192763) (11.52970830936081,-14.75352953883292) (-16.49696012656571,-9.922925021892924) (31.66245676720132,-8.343370047080075) (-7.351759645162819,7.483947768258137) (23.45245788724758,-27.57058801708291) (3.48727534491946,37.53865798355524) (14.0471738273417,-25.79160094254915) (-1.598235813647303,66.16025001043727) (25.44969730051971,-17.55697735291155) (29.40190872976814,13.99268956523504) (-0.8725747867362914,36.66812729492919) (-0.001028271256838575,-22.19676167766166) (-15.57412202203227,29.68019963836457) (17.15472638574849,31.27896772806365) (-25.53773592574217,19.08845462686624) (-4.630158749135077,1.574108041598424) (-1.699658500336678,-20.40432393791999) (17.4422763398891,-42.43278064251818) (-55.74273457561461,-53.84860809783941) (-6.641158456127168,8.886170415147102) (-18.72774349609357,-0.5401712375994201) (2.611794231310501,6.706584438174208) (23.02927147011873,10.16185700231369) (-21.14913994209536,-23.71009926456356) (-3.62393980880524,41.04174897378091) (-11.99413502400694,3.418076277600572) (36.49862562589851,-55.48771161694415) (-18.47200750213434,-22.52690157439635) (15.52194604585995,-23.1751123754323) (27.24400667448963,-29.95159040545756) (-3.627757538462248,7.819191208564547) (-25.79990516040598,-20.44178718602438) (8.944702386524467,57.78381927355264) (-15.74415913370454,46.951082254388) (-27.67129970075488,-14.09544433381602) (13.16427692984358,28.86396222573364) (31.27296244729528,12.1121919822063) (34.84011447380568,-3.152960995795812) (-7.611339297967595,-2.478819203833126) (-33.36178237497844,23.99987973029962) (-36.02713548635606,-5.655982661578461) (61.21597742991462,5.191169494736425) (30.46931755289354,-20.86489611156074) (18.47130734616449,-12.04734559245303) (1.861401100186304,59.07663876683399) (-7.459565665984169,18.59282854761808) (3.029556680815485,-25.66841240610385) (-19.09067278920409,-7.048918923320998) (-1.935074835718083,0.05198474809797737) (-11.26987516910241,-4.5421703465246) (8.340913173565365,-51.34024056069569) (33.27593510688686,-14.48957485888431) (-13.05239252847998,-12.81287186435712) (-5.503018109675867,-19.88736933784908) (16.26227978491733,52.73581901747036) (3.416569073814063,62.46951416578587) (6.811084654273496,4.923758873536642) (999.4332716267393,13.62582240218993) (-27.25060481022676,-38.88322687955326) (-21.88466446832215,-18.5366764109366) (8.178017782609729,-7.592643366765447) (8.672984761264932,3.757838341090507) (-20.77878068745576,-1.987295923675765) (-3.436915451796672,-9.174525538117184) (7.557637727998857,27.73757851360849) (7.796191257692417,-29.76291885893973) (22.99167075532146,-17.04323918631129) (-5.757742660576795,26.39125396487688) (5.790241715219271,16.45199847831663) (40.45749930797287,-45.34749400999978) (17.21074245115538,-27.11356536368192) (52.98303834665803,-53.4750899137713) (-40.72985115343416,-29.6361512813687) (-10.02408403932648,55.00257339687523) (-10.78465294296645,15.48057591610187) (-32.86640706554636,-22.36398461011069) (-8.054522109106696,9.587535339060974) (-35.72137858351529,-13.8660030581373) (14.09895734560809,17.10097607702505) (1.649219295734536,18.90861567236551) (-4.900202696822253,2.700046898802059) (11.82341620641709,21.60824126731422) (-5.130611170776889,-3.733606719011963) (-8.989755161880613,-5.258880711486817) (-9.592584703045755,28.51904136572083) (-9.672299236359388,-8.875181830666424) (6.92026294828543,12.11521109611593) (-38.81428055789388,2.030126599416443) (-24.56480320840136,6.520711906372521) (0.3018038321463652,24.5076647740408) (-14.85757707918608,-37.68479870061113) (-14.04787513319667,28.2833697889972) (-3.25651885693676,27.95315746240865) (-8.261684098408931,2.088584765145914) (9.85095165621472,-1.078824807310399) (7.92558396167539,-16.0658737778692) (13.78913844964963,14.07909024557076) (-37.75089359233014,-19.45948082629696) (-10.6706096360802,19.02537027053304) (35.78634106831278,7.435212904900981) (-28.42439531755931,35.25416046099195) (-29.57448588415602,22.04211139892534) (-13.06675759239461,-15.86678186089994) (-21.03150982013042,31.57862401028762) (-39.65680395473719,-25.50330466979631) (-3.311794685557134,-5.699946138841952) (-1.910952933391545,29.60837341816413) (-29.23272039690532,14.19462052740014) (-36.858615259987,11.62590629197481) (-9.043091455303728,17.91337286523022) (-7.733563249015793,28.02842622380534) (-13.1888067715714,-30.69415805259096) (5.343141713744366,9.100640693765737) (-2.139733169543643,2.5074511044739) (-22.73847791387674,-36.57878558994062) (-32.55726342758135,-22.3058502992255) (-7.697193473734107,32.72057186091095) (-0.4815565165688387,32.88709584005721) (-0.8895581377825943,35.00701366602951) (-10.44396986589195,-11.3377554497984) (31.86454654887913,-10.69326597041778) (-9.703926650015413,-26.38527581678358) (-2.081614597909741,-39.96229540136179) (8.755969744883691,25.50337322637365) (-19.26266961020558,17.47393968185658) (6.059610791008556,25.88266494241458) (7.324877189189308,-20.15984374877187) (21.2273827896054,-6.684069942050042) (-16.92911078478711,-30.20685093186189) (2.174987304314557,-16.32457997152826) (-6.703406693087722,27.67324640342713) (1.195230825985039,-26.39200960728886) (6.388386500717946,-14.66131880516637) (-3.566508845787602,-1.556269100439245) 